##############################################################################
# Class:   FairBaseParSet
# Context: DefaultContext
##############################################################################
[FairBaseParSet]
//----------------------------------------------------------------------------
Beam Momentum Gev/c:  Double_t  1.748 
Random Seed:  UInt_t  ##############################################################################
##############################################################################
# Class:   FairGeoParSet
# Context: DefaultContext
##############################################################################
[FairGeoParSet]
//----------------------------------------------------------------------------
##############################################################################
##############################################################################
# Class:   frsmusicCalPar
# Context: MusicCalParContext
##############################################################################
[frsmusicCalPar]
//----------------------------------------------------------------------------
frsmusicCalPar:  Float_t \
  0.0 66.6 0.0 0.0 101.5 0.0 0.0 130.9 0.0 0.0 91.8 0.0 0.0 69.03 0.0 0.0 94.1 0.0 0.0 98.46 0.0 0.0 106.4 0.0 \
  0.0 135.5 0.0 0.0 83.12 0.0 0.0 94.1 0.0 0.0 97.74 0.0 0.0 106.2 0.0 0.0 112.0 0.0 0.0 145.1 0.0 0.0 106.5 0.0 
frsmusicDetNumberPar:  Int_t  2 
frsmusicAnodeNumberPar:  Int_t  8 
frsmusicAnodeParamsFitPar:  Int_t  3 
##############################################################################
##############################################################################
# Class:   frsmusicHitPar
# Context: MUSICHitParContext
##############################################################################
[frsmusicHitPar]
//----------------------------------------------------------------------------
frsmusicHitPar:  Float_t \
  -12.6051 1.736474 1.0113554 1.496231 
frsmusicDetNumberPar:  Int_t  2 
frsmusicHitParamsFitPar:  Int_t  2 
##################\\ 13.177794 1.2506705 #############################################################
##############################################################################
# Class:   tpcCalPar
# Context: TPCCalParContext
##############################################################################
[tpcCalPar]
//----------------------------------------------------------------------------
tpcDetNumberPar:  Int_t  4 
tpcSectionNumberPar:  Int_t  6 
tpcSectionParamsFitPar:  Int_t  2 
tpcCsumMinPar:  Float_t \
  -1000 400 500 500 \
  200 100 1000 100 \ 
  500 500 500 500 \
  -320 -320 -320 250 
tpcCsumMaxPar:  Float_t \
  0 800 1200 1000 \
  700 700 1000 700 \
  1000 1000 1000 1000 \
  0 0 0 500 
tpcCalPar:  Float_t \
  57.085058 -0.034213 59.188520 -0.034292 54.322700 -0.034067 56.459470 -0.034184 26.844962 0.069355 18.5724 0.069602 \
  74.195418 -0.033494 75.418168 -0.033373 56.054435 -0.024037 75.095255 -0.033929 14.168973 0.076616 19.380757 0.074511 \
  63.856867 0.041843 64.174988 0.042526 63.633440 0.041806 63.287465 0.041737 -1.724723 0.085513 1.830604 0.084902 \
  88.423689 0.041130 90.620550 0.041410 89.028847 0.042472 75.023419 0.041458 -3.463482 0.082854 -3.603847 0.085546 
##############################################################################
##############################################################################
# Class:   FrsSciTcalPar
# Context: FrsSciTcalParContext
##############################################################################
[FrsSciTcalPar]
//----------------------------------------------------------------------------
TcalPar:  Float_t \
  0 0 0 0 0 0 0 0 0 0  \
  0 0 0 0 0 0 0 0 0 0  \
  0 0 0 0 0 0 0 0 0 0  \
  0 0 0 0 0.0515504 0.0892114 0.112351 0.119325 0.127169 0.144616  \
  0.154127 0.170186 0.188533 0.18978 0.207688 0.223181 0.229737 0.252699 0.261619 0.269879  \
  0.292422 0.297862 0.317719 0.328584 0.337891 0.356321 0.370498 0.371152 0.39344 0.396164  \
  0.421416 0.423562 0.442541 0.447772 0.455639 0.458658 0.473024 0.498213 0.521313 0.536569  \
  0.540682 0.550708 0.563797 0.581852 0.587329 0.61993 0.622118 0.625178 0.636769 0.64389  \
  0.662624 0.669128 0.687561 0.70062 0.717249 0.733321 0.750381 0.77668 0.778241 0.795943  \
  0.809794 0.81363 0.826153 0.846933 0.850665 0.871856 0.882163 0.896664 0.917915 0.918982  \
  0.925258 0.947705 0.960045 0.978463 0.982033 1.00161 1.01099 1.0214 1.029 1.04527  \
  1.05623 1.06618 1.07766 1.10073 1.10447 1.11961 1.13294 1.14188 1.1613 1.17604  \
  1.18323 1.20313 1.2049 1.21997 1.22627 1.24151 1.26271 1.27667 1.28686 1.30976  \
  1.32151 1.32569 1.35502 1.3756 1.37896 1.39252 1.40862 1.41546 1.43189 1.44518  \
  1.46277 1.47347 1.48676 1.50605 1.5158 1.52089 1.54583 1.55298 1.57119 1.58065  \
  1.5873 1.60792 1.62289 1.64022 1.65935 1.66225 1.6742 1.69133 1.69331 1.71671  \
  1.72647 1.73574 1.75545 1.75755 1.77394 1.78555 1.79882 1.8118 1.82334 1.83128  \
  1.85179 1.86403 1.87983 1.89448 1.90607 1.91293 1.9308 1.93255 1.95388 1.98099  \
  1.99182 1.99389 2.00556 2.01214 2.0361 2.03684 2.05551 2.07553 2.08974 2.097  \
  2.11666 2.12243 2.13676 2.14551 2.15629 2.18429 2.18977 2.20451 2.21313 2.22862  \
  2.23049 2.25113 2.26216 2.29846 2.30036 2.30961 2.31048 2.32154 2.33754 2.35328  \
  2.36024 2.39626 2.41445 2.42279 2.43879 2.4561 2.45918 2.48294 2.49524 2.50295  \
  2.51513 2.52861 2.53293 2.55516 2.55868 2.58814 2.60056 2.61377 2.61617 2.62664  \
  2.64482 2.66367 2.66933 2.68614 2.70355 2.70779 2.71474 2.73703 2.7431 2.75885  \
  2.76335 2.78737 2.8019 2.80728 2.81732 2.83695 2.85367 2.86591 2.87747 2.89294  \
  2.90621 2.91331 2.9234 2.93094 2.95654 2.96841 2.97714 3.00141 3.0027 3.02413  \
  3.06702 3.06868 3.07581 3.09705 3.11209 3.11883 3.12974 3.15369 3.16211 3.16908  \
  3.18831 3.19014 3.21232 3.22992 3.23295 3.26452 3.27599 3.28275 3.29092 3.30478  \
  3.32139 3.32905 3.339 3.3619 3.3746 3.37663 3.38854 3.39594 3.42562 3.42728  \
  3.44563 3.46316 3.48025 3.48928 3.49984 3.50374 3.52097 3.53419 3.54639 3.56744  \
  3.57771 3.59496 3.59968 3.61119 3.62056 3.63711 3.6405 3.68181 3.68271 3.70044  \
  3.7078 3.719 3.72473 3.74691 3.75662 3.7797 3.79144 3.8018 3.80408 3.81828  \
  3.82086 3.84041 3.85972 3.86701 3.8883 3.89205 3.91946 3.92062 3.93919 3.941  \
  3.96245 3.98071 3.9987 4.0102 4.01484 4.01795 4.02571 4.04323 4.07011 4.10172  \
  4.12782 4.13824 4.14963 4.17112 4.17637 4.19543 4.21495 4.21696 4.22312 4.24102  \
  4.2623 4.2754 4.28287 4.29547 4.31149 4.32347 4.3259 4.34006 4.36125 4.38092  \
  4.38585 4.40067 4.41197 4.42432 4.4264 4.43728 4.46526 4.47725 4.48616 4.49921  \
  4.51031 4.51929 4.52145 4.53854 4.56849 4.58205 4.5984 4.6133 4.61518 4.63475  \
  4.63689 4.65004 4.67705 4.68057 4.69812 4.71896 4.7204 4.74746 4.78336 4.80025  \
  4.80475 4.82092 4.83067 4.85334 4.85471 4.8864 4.89423 4.91046 4.91802 4.92664  \
  4.93554 4.95682 4.95881 4.9948 4.99904 4.99982 5 5 5 5  \
  5 5 5 5 5 5 5 5 5 5  \
  5 5 5 5 5 5 5 5 5 5  \
  5 5 5 5 5 5 5 5 5 5  \
  5 5 5 5 5 5 5 5 5 5  \
  5 5 5 5 5 5 5 5 5 5  \
  5 5 5 5 5 5 5 5 5 5  \
  5 5 5 5 5 5 5 5 5 5  \
  5 5 5 5 5 5 5 5 5 5  \
  5 5 5 5 5 5 5 5 5 5  \
  5 5 5 5 5 5 5 5 5 5  \
  5 5 5 5 5 5 5 5 5 5  \
  5 5 5 5 5 5 5 5 5 5  \
  5 5 5 5 5 5 5 5 5 5  \
  5 5 5 5 5 5 5 5 5 5  \
  5 5 5 5 5 5 5 5 5 5  \
  5 5 5 5 5 5 5 5 5 5  \
  5 5 5 5 5 5 5 5 5 5  \
  5 5 5 5 5 5 5 5 5 5  \
  5 5 5 5 5 5 5 5 5 5  \
  5 5 5 5 5 5 5 5 5 5  \
  5 5 5 5 5 5 5 5 5 5  \
  5 5 5 5 5 5 5 5 5 5  \
  5 5 5 5 5 5 5 5 5 5  \
  5 5 5 5 5 5 5 5 5 5  \
  5 5 5 5 5 5 5 5 5 5  \
  5 5 5 5 5 5 5 5 5 5  \
  5 5 5 5 5 5 5 5 5 5  \
  5 5 5 5 5 5 5 5 5 5  \
  5 5 5 5 5 5 5 5 5 5  \
  5 5 5 5 5 5 5 5 5 5  \
  5 5 5 5 5 5 5 5 5 5  \
  5 5 5 5 5 5 5 5 5 5  \
  5 5 5 5 5 5 5 5 5 5  \
  5 5 5 5 5 5 5 5 5 5  \
  5 5 5 5 5 5 5 5 5 5  \
  5 5 5 5 5 5 5 5 5 5  \
  5 5 5 5 5 5 5 5 5 5  \
  5 5 5 5 5 5 5 5 5 5  \
  5 5 5 5 5 5 5 5 5 5  \
  5 5 5 5 5 5 5 5 5 5  \
  5 5 5 5 5 5 5 5 5 5  \
  5 5 5 5 5 5 5 5 5 5  \
  5 5 5 5 5 5 5 5 5 5  \
  5 5 5 5 5 5 5 5 5 5  \
  5 5 5 5 5 5 5 5 5 5  \
  5 5 5 5 5 5 5 5 5 5  \
  5 5 5 5 5 5 5 5 5 5  \
  5 5 5 5 5 5 5 5 5 5  \
  5 5 5 5 5 5 5 5 5 5  \
  5 5 5 5 5 5 5 5 5 5  \
  5 5 5 5 5 5 5 5 5 5  \
  5 5 5 5 5 5 5 5 5 5  \
  5 5 5 5 5 5 5 5 5 5  \
  5 5 5 5 5 5 5 5 5 5  \
  5 5 5 5 5 5 5 5 5 5  \
  5 5 5 5 5 5 5 5 5 5  \
  5 5 5 5 5 5 5 5 5 5  \
  5 5 5 5 5 5 5 5 5 5  \
  5 5 5 5 5 5 5 5 5 5  \
  0 1.1842e-05 4.73681e-05 4.73681e-05 4.73681e-05 4.73681e-05 4.73681e-05 4.73681e-05 4.73681e-05 4.73681e-05  \
  4.73681e-05 4.73681e-05 4.73681e-05 4.73681e-05 4.73681e-05 4.73681e-05 4.73681e-05 4.73681e-05 4.73681e-05 4.73681e-05  \
  4.73681e-05 4.73681e-05 4.73681e-05 4.73681e-05 4.73681e-05 4.73681e-05 4.73681e-05 4.73681e-05 4.73681e-05 4.73681e-05  \
  4.73681e-05 4.73681e-05 4.73681e-05 4.73681e-05 0.0550693 0.0883572 0.101533 0.120133 0.135311 0.144528  \
  0.156986 0.172858 0.180378 0.198709 0.212991 0.229479 0.235917 0.253723 0.262391 0.274534  \
  0.285922 0.294302 0.309736 0.333286 0.335682 0.354404 0.359382 0.373521 0.389445 0.395579  \
  0.41824 0.427224 0.441526 0.455523 0.465494 0.471218 0.486537 0.507928 0.520895 0.526563  \
  0.540292 0.55095 0.570655 0.571756 0.596332 0.60744 0.631669 0.636224 0.646645 0.655653  \
  0.672583 0.681911 0.697025 0.710466 0.721179 0.739171 0.740146 0.762713 0.779209 0.784759  \
  0.806765 0.813041 0.832975 0.844885 0.848599 0.865063 0.879937 0.887086 0.909759 0.913454  \
  0.928363 0.939143 0.943015 0.960703 0.982722 0.987908 1.00907 1.01872 1.02877 1.04061  \
  1.04349 1.07577 1.07772 1.08769 1.11235 1.11826 1.13444 1.15237 1.15742 1.18205  \
  1.18502 1.20105 1.2185 1.21951 1.22825 1.24982 1.2542 1.27601 1.28311 1.3094  \
  1.32621 1.33129 1.33693 1.34803 1.3672 1.39137 1.39568 1.40986 1.43044 1.43113  \
  1.44552 1.46708 1.47399 1.49538 1.498 1.51898 1.53799 1.54448 1.56128 1.56726  \
  1.58621 1.60942 1.61142 1.63043 1.64542 1.65482 1.65842 1.67515 1.68905 1.70562  \
  1.71537 1.72704 1.74761 1.74891 1.76421 1.78262 1.78494 1.81342 1.81468 1.83405  \
  1.85233 1.85353 1.8718 1.88588 1.88856 1.9055 1.92316 1.93342 1.94243 1.96994  \
  1.97696 1.98418 1.99658 2.00735 2.02546 2.02813 2.04552 2.06578 2.08316 2.08787  \
  2.09686 2.10386 2.12916 2.14144 2.15357 2.17276 2.18727 2.20016 2.21342 2.21654  \
  2.22938 2.249 2.24976 2.28221 2.28619 2.29593 2.30638 2.31502 2.32612 2.34996  \
  2.3508 2.39206 2.40393 2.41858 2.42873 2.44714 2.45425 2.47176 2.49224 2.49334  \
  2.50358 2.51106 2.52713 2.53809 2.5537 2.57256 2.57845 2.59768 2.59909 2.61487  \
  2.64169 2.64297 2.65956 2.68044 2.6821 2.69385 2.70176 2.7117 2.73374 2.75346  \
  2.76343 2.782 2.79249 2.80389 2.80931 2.82033 2.84838 2.85629 2.87743 2.88467  \
  2.88625 2.89792 2.91673 2.92196 2.95105 2.95247 2.97056 2.98738 2.99446 3.01299  \
  3.04862 3.0558 3.06293 3.07279 3.09319 3.10141 3.12015 3.13713 3.15534 3.1647  \
  3.17543 3.18343 3.20749 3.21083 3.22699 3.24273 3.26398 3.26835 3.27214 3.28704  \
  3.31282 3.31935 3.34243 3.35593 3.36761 3.37263 3.38643 3.39714 3.41667 3.42423  \
  3.44613 3.45086 3.46565 3.47883 3.48788 3.49569 3.50993 3.52706 3.53722 3.56553  \
  3.56666 3.57838 3.59405 3.59637 3.61304 3.63246 3.63632 3.66077 3.66356 3.69129  \
  3.69248 3.70319 3.70902 3.72717 3.73119 3.76969 3.77767 3.79328 3.79883 3.80579  \
  3.80738 3.82743 3.84162 3.86255 3.88952 3.89431 3.9035 3.91201 3.91747 3.93651  \
  3.96575 3.97204 3.99385 3.99642 3.9984 4.01515 4.0238 4.03611 4.05511 4.09778  \
  4.10999 4.11827 4.14344 4.15587 4.16246 4.18326 4.19505 4.2085 4.21146 4.22372  \
  4.24772 4.25796 4.27646 4.28805 4.28958 4.30598 4.31023 4.32694 4.35133 4.35814  \
  4.36837 4.39542 4.39859 4.41529 4.4169 4.43357 4.45423 4.45566 4.47738 4.49152  \
  4.49329 4.51413 4.51709 4.53709 4.56781 4.57281 4.58856 4.59949 4.61189 4.61754  \
  4.6272 4.63865 4.66515 4.67011 4.68495 4.70665 4.71072 4.73269 4.7757 4.79026  \
  4.80021 4.81028 4.82091 4.83654 4.84768 4.88233 4.88515 4.89244 4.90368 4.91951  \
  4.92682 4.94488 4.94627 4.98682 4.99227 4.99833 4.99989 4.99994 5 5  \
  5 5 5 5 5 5 5 5 5 5  \
  5 5 5 5 5 5 5 5 5 5  \
  5 5 5 5 5 5 5 5 5 5  \
  5 5 5 5 5 5 5 5 5 5  \
  5 5 5 5 5 5 5 5 5 5  \
  5 5 5 5 5 5 5 5 5 5  \
  5 5 5 5 5 5 5 5 5 5  \
  5 5 5 5 5 5 5 5 5 5  \
  5 5 5 5 5 5 5 5 5 5  \
  5 5 5 5 5 5 5 5 5 5  \
  5 5 5 5 5 5 5 5 5 5  \
  5 5 5 5 5 5 5 5 5 5  \
  5 5 5 5 5 5 5 5 5 5  \
  5 5 5 5 5 5 5 5 5 5  \
  5 5 5 5 5 5 5 5 5 5  \
  5 5 5 5 5 5 5 5 5 5  \
  5 5 5 5 5 5 5 5 5 5  \
  5 5 5 5 5 5 5 5 5 5  \
  5 5 5 5 5 5 5 5 5 5  \
  5 5 5 5 5 5 5 5 5 5  \
  5 5 5 5 5 5 5 5 5 5  \
  5 5 5 5 5 5 5 5 5 5  \
  5 5 5 5 5 5 5 5 5 5  \
  5 5 5 5 5 5 5 5 5 5  \
  5 5 5 5 5 5 5 5 5 5  \
  5 5 5 5 5 5 5 5 5 5  \
  5 5 5 5 5 5 5 5 5 5  \
  5 5 5 5 5 5 5 5 5 5  \
  5 5 5 5 5 5 5 5 5 5  \
  5 5 5 5 5 5 5 5 5 5  \
  5 5 5 5 5 5 5 5 5 5  \
  5 5 5 5 5 5 5 5 5 5  \
  5 5 5 5 5 5 5 5 5 5  \
  5 5 5 5 5 5 5 5 5 5  \
  5 5 5 5 5 5 5 5 5 5  \
  5 5 5 5 5 5 5 5 5 5  \
  5 5 5 5 5 5 5 5 5 5  \
  5 5 5 5 5 5 5 5 5 5  \
  5 5 5 5 5 5 5 5 5 5  \
  5 5 5 5 5 5 5 5 5 5  \
  5 5 5 5 5 5 5 5 5 5  \
  5 5 5 5 5 5 5 5 5 5  \
  5 5 5 5 5 5 5 5 5 5  \
  5 5 5 5 5 5 5 5 5 5  \
  5 5 5 5 5 5 5 5 5 5  \
  5 5 5 5 5 5 5 5 5 5  \
  5 5 5 5 5 5 5 5 5 5  \
  5 5 5 5 5 5 5 5 5 5  \
  5 5 5 5 5 5 5 5 5 5  \
  5 5 5 5 5 5 5 5 5 5  \
  5 5 5 5 5 5 5 5 5 5  \
  5 5 5 5 5 5 5 5 5 5  \
  5 5 5 5 5 5 5 5 5 5  \
  5 5 5 5 5 5 5 5 5 5  \
  5 5 5 5 5 5 5 5 5 5  \
  5 5 5 5 5 5 5 5 5 5  \
  5 5 5 5 5 5 5 5 5 5  \
  5 5 5 5 5 5 5 5 5 5  \
  5 5 5 5 5 5 5 5 5 5  \
  0 0 0 0 0 0 0 0 0 0  \
  0 0 0 0 0 0 0 0 0 0  \
  0 0 0 0 0 0 0 0 0 0  \
  0 0 0 0 0.0592209 0.0869147 0.10159 0.10667 0.125405 0.126244  \
  0.153212 0.154505 0.17197 0.195717 0.201433 0.211072 0.222435 0.224431 0.244323 0.259361  \
  0.261016 0.298531 0.299779 0.32119 0.328085 0.329491 0.357843 0.36975 0.377122 0.403183  \
  0.404498 0.42321 0.42414 0.438883 0.449158 0.464241 0.482295 0.506587 0.510488 0.528089  \
  0.528633 0.541221 0.542196 0.570321 0.579439 0.609424 0.6165 0.627251 0.637934 0.638819  \
  0.648798 0.672614 0.676288 0.713939 0.734035 0.737323 0.745307 0.750274 0.769009 0.78602  \
  0.793392 0.815438 0.815438 0.832313 0.833311 0.851592 0.872096 0.873593 0.897022 0.917572  \
  0.923673 0.941228 0.942544 0.962934 0.977586 0.978857 1.00356 1.02011 1.02667 1.03318  \
  1.03839 1.06702 1.07709 1.0787 1.1 1.11295 1.13731 1.14702 1.14969 1.16364  \
  1.17891 1.18405 1.202 1.22055 1.23332 1.24697 1.25741 1.27092 1.28177 1.28607  \
  1.30642 1.31463 1.35364 1.35793 1.36832 1.37945 1.39665 1.40676 1.41774 1.43999  \
  1.4629 1.46369 1.47515 1.48086 1.49982 1.51139 1.51756 1.54784 1.56984 1.57683  \
  1.59043 1.59778 1.61913 1.62171 1.63859 1.66397 1.6751 1.67803 1.68869 1.6974  \
  1.71609 1.72512 1.73696 1.75304 1.76653 1.77869 1.79636 1.7999 1.81441 1.83063  \
  1.83458 1.86175 1.87753 1.88339 1.88919 1.89879 1.91836 1.93687 1.93907 1.96515  \
  1.96744 1.99405 2.00217 2.00906 2.017 2.04111 2.05023 2.06706 2.08641 2.0943  \
  2.1077 2.11501 2.12571 2.13277 2.15481 2.17459 2.18981 2.20319 2.22095 2.22717  \
  2.23805 2.24459 2.2733 2.28686 2.30735 2.30848 2.32372 2.32476 2.34087 2.34599  \
  2.37151 2.40317 2.42638 2.43933 2.44559 2.46289 2.47267 2.47854 2.50372 2.50744  \
  2.52313 2.5421 2.54695 2.56324 2.57449 2.58299 2.60025 2.61391 2.62622 2.64763  \
  2.64849 2.66909 2.68113 2.68419 2.69926 2.71983 2.73142 2.74382 2.75269 2.77785  \
  2.78329 2.80354 2.81867 2.82763 2.83416 2.85115 2.86022 2.87991 2.88926 2.89969  \
  2.91822 2.92464 2.94458 2.95372 2.97016 2.98193 2.99454 3.00734 3.02294 3.03235  \
  3.06953 3.08688 3.10266 3.11226 3.11564 3.13542 3.14964 3.17191 3.18307 3.20414  \
  3.2055 3.21981 3.22453 3.24758 3.2486 3.28582 3.2955 3.31399 3.31496 3.33116  \
  3.34579 3.36087 3.36842 3.39122 3.39482 3.42204 3.42556 3.44415 3.4459 3.46096  \
  3.48201 3.49512 3.51832 3.51966 3.53295 3.54338 3.54651 3.56586 3.58732 3.59292  \
  3.61227 3.62474 3.64575 3.64795 3.66271 3.66439 3.69651 3.69889 3.72429 3.73375  \
  3.74418 3.75158 3.76194 3.7687 3.79578 3.80465 3.81538 3.834 3.84273 3.85893  \
  3.86188 3.87476 3.90418 3.91225 3.92629 3.94258 3.95133 3.96405 3.97619 3.98626  \
  4.00701 4.02759 4.03303 4.04618 4.06449 4.07488 4.0749 4.09354 4.13099 4.16018  \
  4.17152 4.17286 4.18288 4.19214 4.22496 4.22645 4.24281 4.26007 4.26656 4.28075  \
  4.28595 4.29851 4.31924 4.33308 4.33916 4.37347 4.38434 4.38795 4.39473 4.40845  \
  4.42766 4.42941 4.45077 4.47393 4.47894 4.48913 4.49691 4.50528 4.53052 4.53172  \
  4.55404 4.57287 4.58657 4.5987 4.60344 4.61653 4.6391 4.64095 4.66246 4.67876  \
  4.69253 4.69768 4.70532 4.71986 4.73522 4.74323 4.76169 4.77965 4.81116 4.83876  \
  4.84096 4.86303 4.86666 4.87566 4.90796 4.91812 4.93368 4.9599 4.96103 4.97217  \
  4.97759 4.9819 4.99998 5 5 5 5 5 5 5  \
  5 5 5 5 5 5 5 5 5 5  \
  5 5 5 5 5 5 5 5 5 5  \
  5 5 5 5 5 5 5 5 5 5  \
  5 5 5 5 5 5 5 5 5 5  \
  5 5 5 5 5 5 5 5 5 5  \
  5 5 5 5 5 5 5 5 5 5  \
  5 5 5 5 5 5 5 5 5 5  \
  5 5 5 5 5 5 5 5 5 5  \
  5 5 5 5 5 5 5 5 5 5  \
  5 5 5 5 5 5 5 5 5 5  \
  5 5 5 5 5 5 5 5 5 5  \
  5 5 5 5 5 5 5 5 5 5  \
  5 5 5 5 5 5 5 5 5 5  \
  5 5 5 5 5 5 5 5 5 5  \
  5 5 5 5 5 5 5 5 5 5  \
  5 5 5 5 5 5 5 5 5 5  \
  5 5 5 5 5 5 5 5 5 5  \
  5 5 5 5 5 5 5 5 5 5  \
  5 5 5 5 5 5 5 5 5 5  \
  5 5 5 5 5 5 5 5 5 5  \
  5 5 5 5 5 5 5 5 5 5  \
  5 5 5 5 5 5 5 5 5 5  \
  5 5 5 5 5 5 5 5 5 5  \
  5 5 5 5 5 5 5 5 5 5  \
  5 5 5 5 5 5 5 5 5 5  \
  5 5 5 5 5 5 5 5 5 5  \
  5 5 5 5 5 5 5 5 5 5  \
  5 5 5 5 5 5 5 5 5 5  \
  5 5 5 5 5 5 5 5 5 5  \
  5 5 5 5 5 5 5 5 5 5  \
  5 5 5 5 5 5 5 5 5 5  \
  5 5 5 5 5 5 5 5 5 5  \
  5 5 5 5 5 5 5 5 5 5  \
  5 5 5 5 5 5 5 5 5 5  \
  5 5 5 5 5 5 5 5 5 5  \
  5 5 5 5 5 5 5 5 5 5  \
  5 5 5 5 5 5 5 5 5 5  \
  5 5 5 5 5 5 5 5 5 5  \
  5 5 5 5 5 5 5 5 5 5  \
  5 5 5 5 5 5 5 5 5 5  \
  5 5 5 5 5 5 5 5 5 5  \
  5 5 5 5 5 5 5 5 5 5  \
  5 5 5 5 5 5 5 5 5 5  \
  5 5 5 5 5 5 5 5 5 5  \
  5 5 5 5 5 5 5 5 5 5  \
  5 5 5 5 5 5 5 5 5 5  \
  5 5 5 5 5 5 5 5 5 5  \
  5 5 5 5 5 5 5 5 5 5  \
  5 5 5 5 5 5 5 5 5 5  \
  5 5 5 5 5 5 5 5 5 5  \
  5 5 5 5 5 5 5 5 5 5  \
  5 5 5 5 5 5 5 5 5 5  \
  5 5 5 5 5 5 5 5 5 5  \
  5 5 5 5 5 5 5 5 5 5  \
  5 5 5 5 5 5 5 5 5 5  \
  5 5 5 5 5 5 5 5 5 5  \
  5 5 5 5 5 5 5 5 5 5  \
  5 5 5 5 5 5 5 5 5 5  \
  5 5 5 5 5 5 5 5 5 5  \
  0 0 0 0 0 0 0 0 0 0  \
  0 0 0 0 0 0 0 0 0 0  \
  0 0 0 0 0 0 0 0 0 0  \
  0 0 0 0 0 0 0 0 0 0  \
  0 0 0 0 0 0 0 0 0 0  \
  0 0.00890119 0.0456384 0.0555815 0.0719569 0.0729988 0.0930888 0.10729 0.111457 0.144888  \
  0.157685 0.158976 0.174445 0.179247 0.192972 0.208804 0.216822 0.23997 0.258406 0.259267  \
  0.27032 0.290319 0.305245 0.312289 0.331088 0.342277 0.350906 0.367825 0.386398 0.400667  \
  0.413985 0.418967 0.437925 0.445943 0.462998 0.474866 0.476361 0.496224 0.510335 0.516269  \
  0.534592 0.544535 0.564376 0.573889 0.573889 0.573889 0.573889 0.582813 0.582881 0.59151  \
  0.611827 0.618418 0.633932 0.656083 0.676377 0.677396 0.691598 0.700567 0.719773 0.722061  \
  0.740679 0.761335 0.778979 0.781357 0.804754 0.81105 0.824572 0.832839 0.84285 0.864774  \
  0.876665 0.888873 0.900424 0.906177 0.912746 0.939155 0.942348 0.973627 0.979199 0.992585  \
  0.997024 1.01195 1.0228 1.04253 1.0469 1.0811 1.08567 1.09641 1.10454 1.11204  \
  1.11958 1.12386 1.12386 1.14588 1.15546 1.15956 1.18275 1.19638 1.20775 1.21351  \
  1.22703 1.23711 1.2511 1.26003 1.27495 1.29692 1.3128 1.32612 1.34397 1.34779  \
  1.36741 1.37253 1.38922 1.41545 1.43099 1.43574 1.45533 1.45864 1.46682 1.48385  \
  1.49001 1.51748 1.52831 1.53288 1.5498 1.55576 1.57941 1.59186 1.60579 1.62538  \
  1.63476 1.64359 1.65284 1.6674 1.67408 1.68599 1.70475 1.72323 1.73816 1.75141  \
  1.75403 1.77154 1.79131 1.79621 1.81371 1.82989 1.85453 1.85552 1.87272 1.88549  \
  1.89656 1.89817 1.91679 1.93756 1.96019 1.97398 1.97846 1.99769 2.00179 2.00793  \
  2.03457 2.0371 2.05319 2.06467 2.07058 2.095 2.10782 2.11389 2.13094 2.15126  \
  2.16827 2.17477 2.18414 2.2031 2.20894 2.20894 2.20894 2.21714 2.21814 2.23975  \
  2.25612 2.27757 2.29728 2.29836 2.3036 2.31952 2.3238 2.34378 2.3553 2.37582  \
  2.39075 2.3977 2.42248 2.42735 2.43913 2.44873 2.46629 2.47532 2.5006 2.50638  \
  2.52329 2.52508 2.53978 2.54812 2.56703 2.58859 2.60266 2.60744 2.62399 2.62753  \
  2.6406 2.64877 2.68537 2.68834 2.70641 2.70641 2.70641 2.70641 2.7258 2.73237  \
  2.74404 2.7569 2.75921 2.77873 2.78709 2.8147 2.8243 2.83957 2.84922 2.85035  \
  2.86242 2.87474 2.90206 2.91363 2.93771 2.94204 2.95986 2.96199 2.97288 2.98444  \
  3.00618 3.02366 3.04484 3.04611 3.05782 3.07861 3.07943 3.08455 3.11601 3.12398  \
  3.14751 3.16722 3.16731 3.16819 3.18538 3.18819 3.22078 3.23734 3.25686 3.25967  \
  3.27774 3.28114 3.30234 3.30377 3.32239 3.34873 3.3594 3.36895 3.38232 3.38338  \
  3.38587 3.40716 3.4299 3.45242 3.46562 3.47368 3.48229 3.48922 3.49656 3.51919  \
  3.5366 3.55975 3.57031 3.58129 3.58804 3.60294 3.60654 3.62854 3.6383 3.66647  \
  3.67651 3.68989 3.69397 3.70752 3.71028 3.72679 3.73988 3.76914 3.77911 3.79891  \
  3.80323 3.80837 3.82232 3.82416 3.82416 3.82416 3.83084 3.8445 3.86651 3.88119  \
  3.89526 3.90937 3.91784 3.93154 3.93258 3.95446 3.96828 3.98107 3.99 4.01899  \
  4.02429 4.03858 4.04458 4.06361 4.08227 4.08984 4.10247 4.11769 4.13778 4.13973  \
  4.14222 4.16653 4.1786 4.20043 4.20154 4.22401 4.2366 4.24054 4.25135 4.27157  \
  4.27864 4.30423 4.3137 4.32075 4.34752 4.35144 4.3658 4.37261 4.38287 4.38908  \
  4.40083 4.42131 4.42867 4.46024 4.46255 4.48027 4.48629 4.5009 4.51012 4.52946  \
  4.53329 4.56704 4.57057 4.59274 4.59387 4.60563 4.60846 4.63525 4.64615 4.68327  \
  4.6847 4.70157 4.71009 4.71439 4.72393 4.7377 4.76023 4.78773 4.80039 4.80784  \
  4.81489 4.81611 4.83097 4.84426 4.86136 4.88605 4.90043 4.90702 4.90913 4.92677  \
  4.9306 4.95105 4.95264 4.98899 4.99277 4.99975 5 5 5 5  \
  5 5 5 5 5 5 5 5 5 5  \
  5 5 5 5 5 5 5 5 5 5  \
  5 5 5 5 5 5 5 5 5 5  \
  5 5 5 5 5 5 5 5 5 5  \
  5 5 5 5 5 5 5 5 5 5  \
  5 5 5 5 5 5 5 5 5 5  \
  5 5 5 5 5 5 5 5 5 5  \
  5 5 5 5 5 5 5 5 5 5  \
  5 5 5 5 5 5 5 5 5 5  \
  5 5 5 5 5 5 5 5 5 5  \
  5 5 5 5 5 5 5 5 5 5  \
  5 5 5 5 5 5 5 5 5 5  \
  5 5 5 5 5 5 5 5 5 5  \
  5 5 5 5 5 5 5 5 5 5  \
  5 5 5 5 5 5 5 5 5 5  \
  5 5 5 5 5 5 5 5 5 5  \
  5 5 5 5 5 5 5 5 5 5  \
  5 5 5 5 5 5 5 5 5 5  \
  5 5 5 5 5 5 5 5 5 5  \
  5 5 5 5 5 5 5 5 5 5  \
  5 5 5 5 5 5 5 5 5 5  \
  5 5 5 5 5 5 5 5 5 5  \
  5 5 5 5 5 5 5 5 5 5  \
  5 5 5 5 5 5 5 5 5 5  \
  5 5 5 5 5 5 5 5 5 5  \
  5 5 5 5 5 5 5 5 5 5  \
  5 5 5 5 5 5 5 5 5 5  \
  5 5 5 5 5 5 5 5 5 5  \
  5 5 5 5 5 5 5 5 5 5  \
  5 5 5 5 5 5 5 5 5 5  \
  5 5 5 5 5 5 5 5 5 5  \
  5 5 5 5 5 5 5 5 5 5  \
  5 5 5 5 5 5 5 5 5 5  \
  5 5 5 5 5 5 5 5 5 5  \
  5 5 5 5 5 5 5 5 5 5  \
  5 5 5 5 5 5 5 5 5 5  \
  5 5 5 5 5 5 5 5 5 5  \
  5 5 5 5 5 5 5 5 5 5  \
  5 5 5 5 5 5 5 5 5 5  \
  5 5 5 5 5 5 5 5 5 5  \
  5 5 5 5 5 5 5 5 5 5  \
  5 5 5 5 5 5 5 5 5 5  \
  5 5 5 5 5 5 5 5 5 5  \
  5 5 5 5 5 5 5 5 5 5  \
  5 5 5 5 5 5 5 5 5 5  \
  5 5 5 5 5 5 5 5 5 5  \
  5 5 5 5 5 5 5 5 5 5  \
  5 5 5 5 5 5 5 5 5 5  \
  5 5 5 5 5 5 5 5 5 5  \
  5 5 5 5 5 5 5 5 5 5  \
  5 5 5 5 5 5 5 5 5 5  \
  5 5 5 5 5 5 5 5 5 5  \
  5 5 5 5 5 5 5 5 5 5  \
  5 5 5 5 5 5 5 5 5 5  \
  5 5 5 5 5 5 5 5 5 5 
nDetectorsTcalPar:  Int_t  2 
nChannelsTcalPar:  Int_t  2 
nSignalsTcalPar:  Int_t  4 
nTcalParsPerSignal:  Int_t  1000 
##############################################################################
##############################################################################
# Class:   FrsSciRawPosPar
# Context: FrsSciRawPosParContext
##############################################################################
[FrsSciRawPosPar]
//----------------------------------------------------------------------------
RawPosPar:  Float_t \
  -5.057 5.717 8.819 12.505 
nDetectorsRawPosPar:  Int_t  2 
nChannelsRawPosPar:  Int_t  2 
nSignalsRawPosPar:  Int_t  4 
nRawPosParsPerSignal:  Int_t  2 
##############################################################################
##############################################################################
# Class:   FrsSciRawTofPar
# Context: FrsSciRawTofParContext
##############################################################################
[FrsSciRawTofPar]
//----------------------------------------------------------------------------
RawTofPar:  Float_t \
  229.2 330 
selectionFirstStart:  Int_t  1 
nSignalsRawTofPar:  Int_t  1 
nRawTofParsPerSignal:  Int_t  2 
##############################################################################
##############################################################################
# Class:   frsAnaPar
# Context: FRSANAParContext
##############################################################################
[frsAnaPar]
//----------------------------------------------------------------------------
frsAnaPar:  Float_t \
  0.0 0.0 0.0 
frsAnaNumberPar:  Int_t  3 
MagnificationS2S4:  Double_t  1.204 
DisperisionS2S4:  Double_t  7.7966 
PathS2S4:  Double_t  3558.42 
ToFS2S4:  Double_t  -157.673 
DistTpcS2:  Double_t  1205.0 
DistTpcS4:  Double_t  1060.0 
PosFocalS2:  Double_t  2012.0 
PosFocalS4:  Double_t  2349.0 
Rho_S0_S2:  Double_t  11.086 
Bfield_S0_S2:  Double_t  1.40645 
Rho_S2_S4:  Double_t  11.304 
Bfield_S2_S4:  Double_t  1.2451 
